Marwan Zeid, S347096083, 71.0, 85.0, 65, 99, 94, 87, 78, 0, 0
Jared Tarnocai, S331469627, 95.0, 88, 97, 101, 79, 89, 99, 0, 0
Masrur Husain, S332783570, 10, 1, 100, 234, 10, 1, 100, 0, 0
Marwan Zseid, S347096083, 94, 87, 65, 99, 94, 87, 78, 0, 0
Jared Tdarnocai, S331469627, 43, 88, 97, 101, 79, 89, 99, 0, 0
Masrur Hfusain, S332783570, 10, 1, 100, 234, 10, 1, 100, 0, 0
Marwan Zaeid, S347096083, 94, 87, 65, 99, 94, 87, 78, 0, 0
Jared Tasrnocai, S331469627, 43, 88, 97, 101, 79, 89, 99, 0, 0
Masrur Hudsain, S332783570, 10, 1, 100, 234, 10, 1, 100, 0, 0
Marwan Zegid, S347096083, 94, 87, 65, 99, 94, 87, 78, 0, 0
Jared Tarhnocai, S331469627, 43, 88, 97, 101, 79, 89, 99, 0, 0
Masrur Hjusain, S332783570, 10, 1, 100, 234, 10, 1, 100, 0, 0
